-1.036748816631771319e+00
-1.985955779455281345e+00
-2.533143738288568869e+00
-2.851084409974635747e+00
-3.030332981026176320e+00
-3.122250921925283862e+00
-3.157828268662542293e+00
-3.156388048620740072e+00
-3.130269392719417176e+00
-3.087615659486121267e+00
-3.034026174106079665e+00
-2.973492691265673393e+00
-2.908924188258183552e+00
-2.842458823242742127e+00
-2.775669342691088115e+00
-2.709709348623141167e+00
-2.645420092570297754e+00
-2.583407720177955280e+00
-2.524098235571026194e+00
-2.467776647206186169e+00
-2.414615556927816709e+00
-2.364697141075216891e+00
-2.318031230929860076e+00
-2.274570936867684079e+00
-2.234226488986427839e+00
-2.196877438055065745e+00
-2.162383055860000347e+00
-2.130590742698644124e+00
-2.101342490135484020e+00
-2.074479409317765199e+00
-2.049844693963271958e+00
-2.027285350220909610e+00
-2.006653078228167075e+00
-1.987804677248150576e+00
-1.970602245999681923e+00
